(10, 60, 1, 0)
(10, 60, 2, 0)
(10, 60, 3, 0)
(10, 60, 4, 0)
(10, 60, 5, 0)
(10, 60, 6, 0)
(10, 60, 7, 0)
(10, 60, 8, 0)
(10, 60, 9, 0)
(10, 60, 10, 0)
(10, 60, 11, 0)
(10, 60, 12, 0)
(10, 60, 13, 0)
(10, 60, 14, 0)
(10, 60, 15, 0)
(10, 60, 16, 0)
(10, 60, 17, 0)
(10, 60, 18, 0)
(10, 60, 19, 0)
(10, 60, 20, 0)
(10, 60, 21, 0)
(10, 60, 22, 0)
(10, 60, 23, 0)
(10, 60, 24, 0)
(10, 60, 25, 0)
(10, 60, 26, 0)
(10, 60, 27, 0)
(10, 60, 28, 0)
(10, 60, 29, 0)
(10, 60, 30, 0)
(10, 60, 31, 0)
(10, 60, 32, 0)
(10, 60, 33, 0)
(10, 60, 34, 0)
(10, 60, 35, 0)
(10, 60, 36, 0)
(10, 60, 37, 0)
(10, 60, 38, 0)
(10, 60, 39, 0)
(10, 60, 40, 0)
(10, 60, 41, 0)
(10, 60, 42, 0)
(10, 60, 43, 0)
(10, 60, 44, 0)
(10, 60, 45, 0)
(10, 60, 46, 0)
(10, 60, 47, 0)
(10, 60, 48, 0)
(10, 60, 49, 0)
(10, 60, 50, 0)
(10, 60, 51, 0)
(10, 60, 52, 0)
(10, 60, 53, 0)
(10, 60, 54, 0)
(10, 60, 55, 0)
(10, 60, 56, 0)
(10, 60, 57, 0)
(10, 60, 58, 0)
(10, 60, 59, 0)
(10, 60, 60, 0)
(10, 60, 61, 0)
(10, 60, 62, 0)
(10, 60, 63, 0)
(10, 60, 64, 0)
(10, 60, 65, 0)
(10, 60, 66, 0)
(10, 60, 67, 0)
(10, 60, 68, 0)
(10, 60, 69, 0)
(10, 60, 70, 0)
(10, 60, 71, 0)
(10, 60, 72, 0)
(10, 60, 73, 0)
(10, 60, 74, 0)
(10, 60, 75, 0)
(10, 60, 76, 0)
(10, 60, 77, 0)
(10, 60, 78, 0)
(10, 60, 79, 0)
(10, 60, 80, 0)
(10, 60, 81, 0)
(10, 60, 82, 0)
(10, 60, 83, 0)
(10, 60, 84, 0)
(10, 60, 85, 0)
(10, 60, 86, 0)
(10, 60, 87, 0)
(10, 60, 88, 0)
(10, 60, 89, 0)
(10, 60, 90, 0)
(10, 60, 91, 0)
(10, 60, 92, 0)
(10, 60, 93, 0)
(10, 60, 94, 0)
(10, 60, 95, 0)
(10, 60, 96, 0)
(10, 60, 97, 0)
(10, 60, 98, 0)
(10, 60, 99, 0)
(10, 60, 100, 0)
(10, 60, 101, 0)
(10, 60, 102, 0)
(10, 60, 103, 0)
(10, 60, 104, 0)
(10, 60, 105, 0)
(10, 60, 106, 0)
(10, 60, 107, 0)
(10, 60, 108, 0)
(10, 60, 109, 0)
(10, 60, 110, 0)
(10, 60, 111, 0)
(10, 60, 112, 0)
(10, 60, 113, 0)
(10, 60, 114, 0)
(10, 60, 115, 0)
(10, 60, 116, 0)
(10, 60, 117, 0)
(10, 60, 118, 0)
(10, 60, 119, 0)
(10, 60, 120, 0)
(10, 60, 121, 0)
(10, 60, 122, 0)
(10, 60, 123, 0)
(10, 60, 124, 0)
(10, 60, 125, 0)
(10, 60, 126, 0)
(10, 60, 127, 0)
(10, 60, 128, 0)
(10, 60, 129, 0)
(10, 60, 130, 0)
(10, 60, 131, 0)
(10, 60, 132, 0)
(10, 60, 133, 0)
(10, 60, 134, 0)
(10, 60, 135, 0)
(10, 60, 136, 0)
(10, 60, 137, 0)
(10, 60, 138, 0)
(10, 60, 139, 0)
(10, 60, 140, 0)
(10, 60, 141, 0)
(10, 60, 142, 0)
(10, 60, 143, 0)
(10, 60, 144, 0)
(10, 60, 145, 0)
(10, 60, 146, 0)
(10, 60, 147, 0)
(10, 60, 148, 0)
(10, 60, 149, 0)
(10, 60, 150, 0)
(10, 60, 151, 0)
(10, 60, 152, 0)
(10, 60, 153, 0)
(10, 60, 154, 0)
(10, 60, 155, 0)
(10, 60, 156, 0)
(10, 60, 157, 0)
(10, 60, 158, 0)
(10, 60, 159, 0)
(10, 60, 160, 0)
(10, 60, 161, 0)
(10, 60, 162, 0)
(10, 60, 163, 0)
(10, 60, 164, 0)
(10, 60, 165, 0)
(10, 60, 166, 0)
(10, 60, 167, 0)
(10, 60, 168, 0)
(10, 60, 169, 0)
(10, 60, 170, 0)
(10, 60, 171, 0)
(10, 60, 172, 0)
(10, 60, 173, 0)
(10, 60, 174, 0)
(10, 60, 175, 0)
(10, 60, 176, 0)
(10, 60, 177, 0)
(10, 60, 178, 0)
(10, 60, 179, 0)
(10, 60, 180, 0)
(10, 60, 181, 0)
(10, 60, 182, 0)
(10, 60, 183, 0)
(10, 60, 184, 0)
(10, 60, 185, 0)
(10, 60, 186, 0)
(10, 60, 187, 0)
(10, 60, 188, 0)
(10, 60, 189, 0)
(10, 60, 190, 0)
(10, 60, 191, 0)
(10, 60, 192, 0)
(10, 60, 193, 0)
(10, 60, 194, 0)
(10, 60, 195, 0)
(10, 60, 196, 0)
(10, 60, 197, 0)
(10, 60, 198, 0)
(10, 60, 199, 0)
(10, 60, 200, 0)
(10, 60, 201, 0)
(10, 60, 202, 0)
(10, 60, 203, 0)
(10, 60, 204, 0)
(10, 60, 205, 0)
(10, 60, 206, 0)
(10, 60, 207, 0)
(10, 60, 208, 0)
(10, 60, 209, 0)
(10, 60, 210, 0)
(10, 60, 211, 0)
(10, 60, 212, 0)
(10, 60, 213, 0)
(10, 60, 214, 0)
(10, 60, 215, 0)
(10, 60, 216, 0)
(10, 60, 217, 0)
(10, 60, 218, 0)
(10, 60, 219, 0)
(10, 60, 220, 0)
(10, 60, 221, 0)
(10, 60, 222, 0)
(10, 60, 223, 0)
(10, 60, 224, 0)
(10, 60, 225, 0)
(10, 60, 226, 0)
(10, 60, 227, 0)
(10, 60, 228, 0)
(10, 60, 229, 0)
(10, 60, 230, 0)
(10, 60, 231, 0)
(10, 60, 232, 0)
(10, 60, 233, 0)
(10, 60, 234, 0)
(10, 60, 235, 0)
(10, 60, 236, 0)
(10, 60, 237, 0)
(10, 60, 238, 0)
(10, 60, 239, 0)
(10, 60, 240, 0)
(10, 60, 241, 0)
(10, 60, 242, 0)
(10, 60, 243, 0)
(10, 60, 244, 0)
(10, 60, 245, 0)
(10, 60, 246, 0)
(10, 60, 247, 0)
(10, 60, 248, 0)
(10, 60, 249, 0)
(10, 60, 250, 0)
(10, 60, 251, 0)
(10, 60, 252, 0)
(10, 60, 253, 0)
(10, 60, 254, 0)
(10, 60, 255, 0)
